    std::size_t train_size = 100;
    ...
    NNetwork network = {28 * 28, 500, 300, 100, 10 };
    network.initializeInnerStruct(random_real);
    network.setActivationFunction(sigma, sigma_derived);
    std::cout << std::setprecision(2);
    network.test(train_in, train_out);
    std::cout << std::setprecision(16);
    std::cout << "start train:\n";
    network.train(train_in, train_out, 0.1, 0.25);
    std::cout << "start test:\n" << std::fixed << std::setprecision(2);
    network.test(train_in, train_out);

<0> [0.96, 0.01, 0.41, 0.69, 0.90, 0.99, 0.02, 0.05, 0.25, 0.58] : [0.00, 0.00, 0.00, 0.00, 0.00, 1.00, 0.00, 0.00, 0.00, 0.00]
<1> [0.90, 0.04, 0.26, 0.87, 0.66, 1.00, 0.01, 0.02, 0.33, 0.18] : [1.00, 0.00, 0.00, 0.00, 0.00, 0.00, 0.00, 0.00, 0.00, 0.00]
<2> [0.83, 0.00, 0.41, 0.98, 0.46, 1.00, 0.01, 0.04, 0.72, 0.03] : [0.00, 0.00, 0.00, 0.00, 1.00, 0.00, 0.00, 0.00, 0.00, 0.00]
<3> [0.97, 0.00, 0.02, 0.51, 0.69, 0.51, 0.00, 0.98, 0.97, 0.42] : [0.00, 1.00, 0.00, 0.00, 0.00, 0.00, 0.00, 0.00, 0.00, 0.00]
<4> [0.66, 0.00, 0.74, 0.97, 0.79, 0.72, 0.02, 0.27, 0.44, 0.06] : [0.00, 0.00, 0.00, 0.00, 0.00, 0.00, 0.00, 0.00, 0.00, 1.00]
<5> [0.99, 0.00, 0.11, 0.93, 0.45, 0.77, 0.00, 0.62, 0.97, 0.40] : [0.00, 0.00, 1.00, 0.00, 0.00, 0.00, 0.00, 0.00, 0.00, 0.00]
<6> [0.49, 0.00, 0.10, 0.99, 0.89, 0.91, 0.00, 0.19, 0.70, 0.17] : [0.00, 1.00, 0.00, 0.00, 0.00, 0.00, 0.00, 0.00, 0.00, 0.00]
<7> [0.91, 0.00, 0.23, 0.21, 0.67, 0.99, 0.00, 0.03, 0.95, 0.69] : [0.00, 0.00, 0.00, 1.00, 0.00, 0.00, 0.00, 0.00, 0.00, 0.00]
<8> [1.00, 0.00, 0.21, 0.99, 0.29, 0.95, 0.01, 0.01, 0.93, 0.15] : [0.00, 1.00, 0.00, 0.00, 0.00, 0.00, 0.00, 0.00, 0.00, 0.00]
<9> [0.84, 0.01, 0.38, 0.97, 0.51, 0.97, 0.04, 0.01, 0.96, 0.55] : [0.00, 0.00, 0.00, 0.00, 1.00, 0.00, 0.00, 0.00, 0.00, 0.00]
<10> [0.97, 0.01, 0.49, 0.67, 0.91, 0.94, 0.00, 0.06, 0.09, 0.05] : [0.00, 0.00, 0.00, 1.00, 0.00, 0.00, 0.00, 0.00, 0.00, 0.00]
<11> [0.99, 0.00, 0.07, 0.98, 0.21, 0.90, 0.02, 0.10, 0.41, 0.48] : [0.00, 0.00, 0.00, 0.00, 0.00, 1.00, 0.00, 0.00, 0.00, 0.00]
<12> [0.97, 0.00, 0.07, 0.87, 0.85, 0.99, 0.00, 0.12, 0.68, 0.26] : [0.00, 0.00, 0.00, 1.00, 0.00, 0.00, 0.00, 0.00, 0.00, 0.00]
<13> [0.80, 0.00, 0.31, 0.98, 0.44, 0.78, 0.01, 0.82, 0.56, 0.68] : [0.00, 0.00, 0.00, 0.00, 0.00, 0.00, 1.00, 0.00, 0.00, 0.00]
<14> [0.98, 0.00, 0.42, 1.00, 0.73, 0.94, 0.00, 0.02, 0.95, 0.12] : [0.00, 1.00, 0.00, 0.00, 0.00, 0.00, 0.00, 0.00, 0.00, 0.00]
<15> [0.90, 0.00, 0.05, 0.96, 0.93, 0.97, 0.00, 0.48, 0.57, 0.17] : [0.00, 0.00, 0.00, 0.00, 0.00, 0.00, 0.00, 1.00, 0.00, 0.00]
<16> [0.98, 0.00, 0.31, 0.94, 0.49, 0.99, 0.00, 0.03, 0.94, 0.16] : [0.00, 0.00, 1.00, 0.00, 0.00, 0.00, 0.00, 0.00, 0.00, 0.00]
<17> [0.80, 0.00, 0.13, 0.99, 0.84, 0.99, 0.03, 0.05, 0.58, 0.72] : [0.00, 0.00, 0.00, 0.00, 0.00, 0.00, 0.00, 0.00, 1.00, 0.00]
<18> [0.95, 0.02, 0.04, 0.94, 0.13, 1.00, 0.00, 0.04, 0.87, 0.68] : [0.00, 0.00, 0.00, 0.00, 0.00, 0.00, 1.00, 0.00, 0.00, 0.00]
<19> [0.98, 0.00, 0.61, 0.82, 0.86, 0.95, 0.05, 0.12, 0.47, 0.16] : [0.00, 0.00, 0.00, 0.00, 0.00, 0.00, 0.00, 0.00, 0.00, 1.00]
<20> [0.99, 0.00, 0.45, 0.99, 0.43, 0.98, 0.00, 0.02, 0.96, 0.13] : [0.00, 0.00, 0.00, 0.00, 1.00, 0.00, 0.00, 0.00, 0.00, 0.00]
<21> [0.90, 0.00, 0.23, 0.03, 0.48, 0.97, 0.02, 0.06, 0.97, 0.62] : [1.00, 0.00, 0.00, 0.00, 0.00, 0.00, 0.00, 0.00, 0.00, 0.00]
<22> [0.96, 0.01, 0.18, 0.98, 0.76, 0.94, 0.16, 0.08, 0.78, 0.08] : [0.00, 0.00, 0.00, 0.00, 0.00, 0.00, 0.00, 0.00, 0.00, 1.00]
<23> [0.92, 0.00, 0.12, 0.77, 0.65, 0.36, 0.01, 0.83, 0.97, 0.74] : [0.00, 1.00, 0.00, 0.00, 0.00, 0.00, 0.00, 0.00, 0.00, 0.00]
<24> [0.99, 0.00, 0.72, 0.60, 0.85, 0.90, 0.00, 0.68, 0.66, 0.12] : [0.00, 1.00, 0.00, 0.00, 0.00, 0.00, 0.00, 0.00, 0.00, 0.00]
<25> [0.94, 0.00, 0.20, 0.62, 0.62, 0.99, 0.00, 0.66, 0.76, 0.66] : [0.00, 0.00, 1.00, 0.00, 0.00, 0.00, 0.00, 0.00, 0.00, 0.00]
<26> [0.99, 0.00, 0.50, 0.98, 0.07, 0.99, 0.03, 0.00, 0.74, 0.04] : [0.00, 0.00, 0.00, 0.00, 1.00, 0.00, 0.00, 0.00, 0.00, 0.00]
<27> [1.00, 0.00, 0.05, 0.52, 0.18, 0.97, 0.01, 0.20, 0.96, 0.21] : [0.00, 0.00, 0.00, 1.00, 0.00, 0.00, 0.00, 0.00, 0.00, 0.00]
<28> [0.97, 0.01, 0.16, 0.92, 0.48, 0.99, 0.00, 0.01, 0.87, 0.60] : [0.00, 0.00, 1.00, 0.00, 0.00, 0.00, 0.00, 0.00, 0.00, 0.00]
<29> [0.73, 0.01, 0.65, 0.99, 0.32, 0.84, 0.00, 0.01, 0.37, 0.31] : [0.00, 0.00, 0.00, 0.00, 0.00, 0.00, 0.00, 1.00, 0.00, 0.00]
<30> [0.99, 0.00, 0.10, 0.98, 0.13, 0.73, 0.03, 0.08, 0.96, 0.07] : [0.00, 0.00, 0.00, 1.00, 0.00, 0.00, 0.00, 0.00, 0.00, 0.00]
<31> [0.86, 0.00, 0.17, 0.86, 0.57, 0.82, 0.02, 0.27, 0.88, 0.53] : [0.00, 0.00, 0.00, 0.00, 0.00, 0.00, 0.00, 0.00, 1.00, 0.00]
<32> [0.80, 0.01, 0.11, 0.97, 0.93, 0.99, 0.00, 0.32, 0.70, 0.36] : [0.00, 0.00, 0.00, 0.00, 0.00, 0.00, 1.00, 0.00, 0.00, 0.00]
<33> [1.00, 0.00, 0.11, 0.75, 0.19, 0.97, 0.04, 0.24, 0.93, 0.19] : [0.00, 0.00, 0.00, 0.00, 0.00, 0.00, 0.00, 0.00, 0.00, 1.00]
<34> [0.92, 0.00, 0.55, 0.36, 0.65, 0.98, 0.00, 0.09, 0.83, 0.69] : [1.00, 0.00, 0.00, 0.00, 0.00, 0.00, 0.00, 0.00, 0.00, 0.00]
<35> [1.00, 0.00, 0.89, 0.93, 0.42, 0.99, 0.01, 0.02, 0.47, 0.24] : [0.00, 0.00, 0.00, 0.00, 0.00, 1.00, 0.00, 0.00, 0.00, 0.00]
<36> [0.90, 0.00, 0.47, 0.93, 0.54, 0.98, 0.02, 0.06, 0.22, 0.09] : [0.00, 0.00, 0.00, 0.00, 0.00, 0.00, 1.00, 0.00, 0.00, 0.00]
<37> [0.99, 0.00, 0.07, 0.66, 0.34, 1.00, 0.01, 0.13, 0.98, 0.27] : [1.00, 0.00, 0.00, 0.00, 0.00, 0.00, 0.00, 0.00, 0.00, 0.00]
<38> [0.92, 0.00, 0.22, 0.97, 0.51, 0.97, 0.01, 0.01, 0.99, 0.32] : [0.00, 0.00, 0.00, 0.00, 0.00, 0.00, 0.00, 1.00, 0.00, 0.00]
<39> [0.97, 0.03, 0.10, 0.98, 0.38, 1.00, 0.05, 0.01, 0.82, 0.31] : [0.00, 0.00, 0.00, 0.00, 0.00, 0.00, 1.00, 0.00, 0.00, 0.00]
<40> [0.97, 0.05, 0.79, 0.96, 0.61, 0.99, 0.01, 0.00, 0.21, 0.13] : [0.00, 1.00, 0.00, 0.00, 0.00, 0.00, 0.00, 0.00, 0.00, 0.00]
<41> [0.72, 0.00, 0.13, 0.99, 0.38, 0.99, 0.19, 0.03, 0.63, 0.33] : [0.00, 0.00, 0.00, 0.00, 0.00, 0.00, 0.00, 0.00, 1.00, 0.00]
<42> [0.99, 0.00, 0.06, 1.00, 0.84, 0.96, 0.01, 0.21, 0.84, 0.42] : [0.00, 0.00, 0.00, 0.00, 0.00, 0.00, 0.00, 1.00, 0.00, 0.00]
<43> [0.94, 0.00, 0.07, 0.93, 0.28, 0.86, 0.01, 0.14, 0.86, 0.29] : [0.00, 0.00, 0.00, 0.00, 0.00, 0.00, 0.00, 0.00, 0.00, 1.00]
<44> [1.00, 0.00, 0.88, 0.97, 0.20, 1.00, 0.10, 0.00, 0.83, 0.10] : [0.00, 0.00, 0.00, 1.00, 0.00, 0.00, 0.00, 0.00, 0.00, 0.00]
<45> [0.97, 0.00, 0.02, 0.99, 0.04, 1.00, 0.03, 0.03, 0.84, 0.19] : [0.00, 0.00, 0.00, 0.00, 0.00, 0.00, 0.00, 0.00, 0.00, 1.00]
<46> [0.94, 0.01, 0.30, 0.97, 0.14, 1.00, 0.11, 0.00, 0.93, 0.47] : [0.00, 0.00, 0.00, 0.00, 0.00, 0.00, 0.00, 0.00, 1.00, 0.00]
<47> [0.98, 0.00, 0.43, 0.91, 0.93, 0.90, 0.00, 0.09, 0.47, 0.16] : [0.00, 0.00, 0.00, 0.00, 0.00, 1.00, 0.00, 0.00, 0.00, 0.00]
<48> [0.69, 0.03, 0.51, 0.92, 0.93, 0.98, 0.01, 0.01, 0.27, 0.15] : [0.00, 0.00, 0.00, 0.00, 0.00, 0.00, 0.00, 0.00, 0.00, 1.00]
<49> [0.91, 0.00, 0.17, 0.43, 0.91, 0.97, 0.01, 0.12, 0.31, 0.11] : [0.00, 0.00, 0.00, 1.00, 0.00, 0.00, 0.00, 0.00, 0.00, 0.00]
<50> [0.97, 0.00, 0.05, 0.79, 0.11, 0.99, 0.01, 0.13, 0.89, 0.07] : [0.00, 0.00, 0.00, 1.00, 0.00, 0.00, 0.00, 0.00, 0.00, 0.00]
<51> [1.00, 0.06, 0.11, 0.35, 0.07, 0.99, 0.00, 0.09, 0.86, 0.55] : [1.00, 0.00, 0.00, 0.00, 0.00, 0.00, 0.00, 0.00, 0.00, 0.00]
<52> [0.97, 0.00, 0.03, 0.99, 0.40, 0.99, 0.00, 0.13, 0.96, 0.08] : [0.00, 0.00, 0.00, 0.00, 0.00, 0.00, 0.00, 1.00, 0.00, 0.00]
<53> [0.93, 0.01, 0.35, 0.93, 0.81, 0.88, 0.00, 0.08, 0.63, 0.31] : [0.00, 0.00, 0.00, 0.00, 1.00, 0.00, 0.00, 0.00, 0.00, 0.00]
<54> [0.84, 0.00, 0.19, 0.97, 0.85, 1.00, 0.00, 0.19, 0.49, 0.28] : [0.00, 0.00, 0.00, 0.00, 0.00, 0.00, 0.00, 0.00, 0.00, 1.00]
<55> [0.95, 0.00, 0.13, 0.73, 0.77, 0.88, 0.01, 0.15, 0.69, 0.22] : [0.00, 0.00, 0.00, 0.00, 0.00, 0.00, 0.00, 0.00, 1.00, 0.00]
<56> [0.95, 0.00, 0.09, 0.64, 0.85, 0.93, 0.02, 0.08, 0.38, 0.66] : [1.00, 0.00, 0.00, 0.00, 0.00, 0.00, 0.00, 0.00, 0.00, 0.00]
<57> [0.99, 0.00, 0.62, 0.98, 0.62, 0.83, 0.01, 0.49, 0.97, 0.36] : [0.00, 0.00, 0.00, 0.00, 0.00, 0.00, 0.00, 0.00, 0.00, 1.00]
<58> [0.99, 0.00, 0.10, 0.70, 0.78, 0.99, 0.00, 0.08, 0.83, 0.13] : [0.00, 0.00, 0.00, 0.00, 1.00, 0.00, 0.00, 0.00, 0.00, 0.00]
<59> [0.98, 0.00, 0.50, 0.36, 0.86, 0.93, 0.07, 0.19, 0.65, 0.57] : [0.00, 1.00, 0.00, 0.00, 0.00, 0.00, 0.00, 0.00, 0.00, 0.00]
<60> [0.93, 0.00, 0.27, 0.95, 0.12, 0.98, 0.00, 0.15, 0.94, 0.47] : [0.00, 0.00, 0.00, 0.00, 1.00, 0.00, 0.00, 0.00, 0.00, 0.00]
<61> [0.91, 0.02, 0.64, 0.48, 0.45, 0.90, 0.02, 0.07, 0.93, 0.81] : [0.00, 0.00, 0.00, 0.00, 1.00, 0.00, 0.00, 0.00, 0.00, 0.00]
<62> [0.96, 0.00, 0.16, 0.44, 0.75, 0.98, 0.10, 0.04, 0.77, 0.18] : [0.00, 0.00, 0.00, 0.00, 0.00, 0.00, 1.00, 0.00, 0.00, 0.00]
<63> [0.98, 0.04, 0.23, 0.47, 0.06, 0.96, 0.03, 0.11, 0.95, 0.63] : [1.00, 0.00, 0.00, 0.00, 0.00, 0.00, 0.00, 0.00, 0.00, 0.00]
<64> [0.87, 0.00, 0.17, 0.98, 0.31, 0.99, 0.00, 0.24, 0.93, 0.36] : [0.00, 0.00, 0.00, 0.00, 1.00, 0.00, 0.00, 0.00, 0.00, 0.00]
<65> [0.97, 0.00, 0.15, 0.92, 0.65, 0.91, 0.02, 0.07, 0.75, 0.27] : [0.00, 0.00, 0.00, 0.00, 0.00, 1.00, 0.00, 0.00, 0.00, 0.00]
<66> [0.99, 0.01, 0.29, 0.59, 0.12, 0.97, 0.06, 0.03, 0.94, 0.25] : [0.00, 0.00, 0.00, 0.00, 0.00, 0.00, 1.00, 0.00, 0.00, 0.00]
<67> [0.95, 0.00, 0.77, 0.84, 0.78, 0.61, 0.01, 0.81, 0.97, 0.61] : [0.00, 1.00, 0.00, 0.00, 0.00, 0.00, 0.00, 0.00, 0.00, 0.00]
<68> [0.98, 0.00, 0.23, 0.72, 0.47, 1.00, 0.02, 0.12, 0.90, 0.17] : [1.00, 0.00, 0.00, 0.00, 0.00, 0.00, 0.00, 0.00, 0.00, 0.00]
<69> [0.96, 0.00, 0.10, 0.36, 0.76, 0.99, 0.02, 0.02, 0.81, 0.27] : [1.00, 0.00, 0.00, 0.00, 0.00, 0.00, 0.00, 0.00, 0.00, 0.00]
<70> [0.64, 0.11, 0.76, 0.90, 0.66, 0.98, 0.00, 0.01, 0.03, 0.46] : [0.00, 1.00, 0.00, 0.00, 0.00, 0.00, 0.00, 0.00, 0.00, 0.00]
<71> [0.99, 0.02, 0.66, 0.89, 0.07, 0.77, 0.00, 0.00, 0.91, 0.39] : [0.00, 0.00, 0.00, 0.00, 0.00, 0.00, 0.00, 1.00, 0.00, 0.00]
<72> [0.99, 0.00, 0.69, 1.00, 0.66, 0.96, 0.01, 0.03, 0.39, 0.64] : [0.00, 1.00, 0.00, 0.00, 0.00, 0.00, 0.00, 0.00, 0.00, 0.00]
<73> [0.87, 0.00, 0.59, 0.85, 0.87, 0.84, 0.02, 0.10, 0.11, 0.04] : [0.00, 0.00, 0.00, 0.00, 0.00, 0.00, 1.00, 0.00, 0.00, 0.00]
<74> [0.92, 0.02, 0.10, 0.84, 0.88, 0.99, 0.00, 0.05, 0.88, 0.18] : [0.00, 0.00, 0.00, 1.00, 0.00, 0.00, 0.00, 0.00, 0.00, 0.00]
<75> [0.71, 0.02, 0.02, 0.91, 0.58, 0.99, 0.01, 0.20, 0.40, 0.06] : [1.00, 0.00, 0.00, 0.00, 0.00, 0.00, 0.00, 0.00, 0.00, 0.00]
<76> [0.67, 0.02, 0.49, 0.76, 0.73, 1.00, 0.06, 0.03, 0.57, 0.13] : [0.00, 0.00, 1.00, 0.00, 0.00, 0.00, 0.00, 0.00, 0.00, 0.00]
<77> [1.00, 0.00, 0.28, 0.85, 0.92, 0.46, 0.00, 0.82, 0.68, 0.07] : [0.00, 1.00, 0.00, 0.00, 0.00, 0.00, 0.00, 0.00, 0.00, 0.00]
<78> [0.99, 0.00, 0.86, 0.76, 0.77, 0.81, 0.03, 0.04, 0.23, 0.28] : [0.00, 1.00, 0.00, 0.00, 0.00, 0.00, 0.00, 0.00, 0.00, 0.00]
<79> [1.00, 0.00, 0.23, 0.90, 0.07, 0.44, 0.09, 0.15, 0.97, 0.49] : [0.00, 0.00, 0.00, 0.00, 0.00, 0.00, 0.00, 1.00, 0.00, 0.00]
<80> [0.93, 0.00, 0.13, 0.96, 0.31, 1.00, 0.06, 0.08, 0.58, 0.92] : [0.00, 0.00, 0.00, 0.00, 0.00, 0.00, 0.00, 0.00, 0.00, 1.00]
<81> [0.92, 0.03, 0.04, 0.95, 0.28, 1.00, 0.01, 0.01, 0.47, 0.14] : [1.00, 0.00, 0.00, 0.00, 0.00, 0.00, 0.00, 0.00, 0.00, 0.00]
<82> [0.92, 0.00, 0.15, 0.36, 0.41, 0.98, 0.00, 0.18, 0.83, 0.53] : [0.00, 0.00, 1.00, 0.00, 0.00, 0.00, 0.00, 0.00, 0.00, 0.00]
<83> [0.98, 0.04, 0.25, 0.94, 0.13, 0.83, 0.01, 0.15, 0.91, 0.27] : [0.00, 0.00, 0.00, 0.00, 0.00, 0.00, 1.00, 0.00, 0.00, 0.00]
<84> [0.87, 0.01, 0.07, 0.97, 0.74, 1.00, 0.01, 0.02, 0.89, 0.11] : [0.00, 0.00, 0.00, 0.00, 0.00, 0.00, 0.00, 1.00, 0.00, 0.00]
<85> [0.98, 0.00, 0.09, 0.84, 0.42, 0.92, 0.01, 0.10, 0.96, 0.92] : [0.00, 0.00, 0.00, 0.00, 0.00, 0.00, 0.00, 0.00, 1.00, 0.00]
<86> [0.78, 0.03, 0.10, 0.90, 0.64, 0.96, 0.02, 0.02, 0.90, 0.24] : [0.00, 0.00, 0.00, 1.00, 0.00, 0.00, 0.00, 0.00, 0.00, 0.00]
<87> [0.89, 0.00, 0.11, 0.94, 0.87, 0.98, 0.00, 0.36, 0.87, 0.22] : [0.00, 0.00, 0.00, 0.00, 0.00, 0.00, 0.00, 0.00, 0.00, 1.00]
<88> [0.95, 0.00, 0.06, 0.90, 0.30, 0.99, 0.00, 0.01, 0.93, 0.76] : [1.00, 0.00, 0.00, 0.00, 0.00, 0.00, 0.00, 0.00, 0.00, 0.00]
<89> [0.85, 0.01, 0.14, 0.97, 0.04, 1.00, 0.01, 0.05, 0.92, 0.31] : [0.00, 0.00, 0.00, 0.00, 1.00, 0.00, 0.00, 0.00, 0.00, 0.00]
<90> [0.99, 0.01, 0.27, 0.99, 0.07, 0.92, 0.03, 0.05, 0.83, 0.05] : [0.00, 0.00, 0.00, 0.00, 0.00, 0.00, 1.00, 0.00, 0.00, 0.00]
<91> [0.99, 0.01, 0.28, 0.94, 0.66, 0.82, 0.03, 0.03, 0.47, 0.36] : [0.00, 0.00, 0.00, 0.00, 0.00, 0.00, 0.00, 1.00, 0.00, 0.00]
<92> [0.96, 0.01, 0.08, 0.76, 0.12, 0.93, 0.01, 0.16, 0.92, 0.76] : [0.00, 0.00, 0.00, 0.00, 1.00, 0.00, 0.00, 0.00, 0.00, 0.00]
<93> [1.00, 0.00, 0.43, 0.99, 0.13, 0.82, 0.00, 0.08, 0.78, 0.38] : [0.00, 0.00, 0.00, 0.00, 0.00, 0.00, 1.00, 0.00, 0.00, 0.00]
<94> [0.84, 0.00, 0.15, 0.96, 0.81, 0.99, 0.00, 0.01, 0.21, 0.38] : [0.00, 0.00, 0.00, 0.00, 0.00, 0.00, 0.00, 0.00, 1.00, 0.00]
<95> [0.95, 0.00, 0.05, 0.89, 0.43, 1.00, 0.01, 0.03, 0.91, 0.27] : [1.00, 0.00, 0.00, 0.00, 0.00, 0.00, 0.00, 0.00, 0.00, 0.00]
<96> [1.00, 0.01, 0.09, 1.00, 0.89, 0.98, 0.03, 0.11, 0.43, 0.04] : [0.00, 0.00, 0.00, 0.00, 0.00, 0.00, 0.00, 1.00, 0.00, 0.00]
<97> [0.75, 0.00, 0.22, 0.99, 0.31, 0.99, 0.02, 0.01, 0.45, 0.08] : [0.00, 0.00, 0.00, 0.00, 0.00, 0.00, 0.00, 0.00, 1.00, 0.00]
<98> [0.88, 0.00, 0.31, 0.94, 0.29, 1.00, 0.00, 0.05, 0.22, 0.03] : [0.00, 0.00, 0.00, 1.00, 0.00, 0.00, 0.00, 0.00, 0.00, 0.00]
<99> [0.95, 0.00, 0.67, 0.50, 0.04, 0.71, 0.01, 0.14, 0.93, 0.34] : [0.00, 1.00, 0.00, 0.00, 0.00, 0.00, 0.00, 0.00, 0.00, 0.00]
start train:
Epoch 0 loss: 3.7296399376294627
Epoch 10 loss: 1.9418272878849370
Epoch 20 loss: 1.1388409482965707
Epoch 30 loss: 1.0368362996044689
Epoch 40 loss: 1.0160683051902017
Epoch 50 loss: 0.9820988392578884
Epoch 60 loss: 0.9772429542703985
Epoch 70 loss: 0.9488669909911492
Epoch 80 loss: 0.9590341517026026
Epoch 90 loss: 0.9376447879438976
Epoch 100 loss: 0.9343638611663933
Epoch 110 loss: 0.9305196138351226
Epoch 120 loss: 0.9189515795704195
Epoch 130 loss: 0.9039181506626000
Epoch 140 loss: 0.9011233174288651
Epoch 150 loss: 0.8886714342843877
Epoch 160 loss: 0.8751542240768255
Epoch 170 loss: 0.8777435005726051
Epoch 180 loss: 0.8649888934337338
Epoch 190 loss: 0.8531773789473295
Epoch 200 loss: 0.8382390515753571
Epoch 210 loss: 0.8400307471263290
Epoch 220 loss: 0.8309372148687162
Epoch 230 loss: 0.8167208615896497
Epoch 240 loss: 0.8117731281425723
Epoch 250 loss: 0.7841486166225856
Epoch 260 loss: 0.7762838364841425
Epoch 270 loss: 0.7785740073648558
Epoch 280 loss: 0.7767459371377591
Epoch 290 loss: 0.7805699455927065
Epoch 300 loss: 0.7754651318720025
Epoch 310 loss: 0.7746131854178872
Epoch 320 loss: 0.7541927199221357
Epoch 330 loss: 0.7516891317783990
Epoch 340 loss: 0.7508603818518013
Epoch 350 loss: 0.7372791732260595
Epoch 360 loss: 0.7284501359305539
Epoch 370 loss: 0.7244252923535049
Epoch 380 loss: 0.7007384050439515
Epoch 390 loss: 0.6905403823292825
Epoch 400 loss: 0.6784328012853904
Epoch 410 loss: 0.6717753030905488
Epoch 420 loss: 0.6567118635190522
Epoch 430 loss: 0.6531643098416702
Epoch 440 loss: 0.6446225952299133
Epoch 450 loss: 0.6570007081558580
Epoch 460 loss: 0.6326333701546560
Epoch 470 loss: 0.6304804748956534
Epoch 480 loss: 0.6250100352219541
Epoch 490 loss: 0.6032371683880173
Epoch 500 loss: 0.5851112141941859
Epoch 510 loss: 0.5834972999711926
Epoch 520 loss: 0.5731382000735116
Epoch 530 loss: 0.5714290735219175
Epoch 540 loss: 0.5693486985153884
Epoch 550 loss: 0.5659245090448494
Epoch 560 loss: 0.5751975937746976
Epoch 570 loss: 0.5543739556693099
Epoch 580 loss: 0.5339038114112262
Epoch 590 loss: 0.5384272433867036
Epoch 600 loss: 0.5274749596386734
Epoch 610 loss: 0.5174979167511383
Epoch 620 loss: 0.5325113692551153
Epoch 630 loss: 0.5166533952154156
Epoch 640 loss: 0.5102125411879679
Epoch 650 loss: 0.4978974473822733
Epoch 660 loss: 0.4837384808277420
Epoch 670 loss: 0.5219841324798192
Epoch 680 loss: 0.4793634064800345
Epoch 690 loss: 0.4793045002937180
Epoch 700 loss: 0.4689703154653943
Epoch 710 loss: 0.4766097944404732
Epoch 720 loss: 0.4609219342536174
Epoch 730 loss: 0.4563618635277639
Epoch 740 loss: 0.4688721453673474
Epoch 750 loss: 0.4504033550007208
Epoch 760 loss: 0.4306205985114521
Epoch 770 loss: 0.4136227424522370
Epoch 780 loss: 0.4115639380293289
Epoch 790 loss: 0.4151010217668746
Epoch 800 loss: 0.4129421494874005
Epoch 810 loss: 0.4147148410789439
Epoch 820 loss: 0.4007916871985755
Epoch 830 loss: 0.3914865034459020
Epoch 840 loss: 0.3890318520121399
Epoch 850 loss: 0.3794916944253013
Epoch 860 loss: 0.3772210868483908
Epoch 870 loss: 0.3720059055694354
Epoch 880 loss: 0.3804980110113778
Epoch 890 loss: 0.3575841969418592
Epoch 900 loss: 0.3547166828162860
Epoch 910 loss: 0.3576891102960220
Epoch 920 loss: 0.3435742492561928
Epoch 930 loss: 0.3391616674444130
Epoch 940 loss: 0.3395432577473882
Epoch 950 loss: 0.3309706245084132
Epoch 960 loss: 0.3372095699205706
Epoch 970 loss: 0.3233764103312282
Epoch 980 loss: 0.3245850212247391
Epoch 990 loss: 0.3232823512524217
Epoch 1000 loss: 0.3200729829479027
Epoch 1010 loss: 0.3203955117633894
Epoch 1020 loss: 0.3124881607270476
Epoch 1030 loss: 0.3107475952294771
Epoch 1040 loss: 0.3124665068268990
Epoch 1050 loss: 0.3051714700806396
Epoch 1060 loss: 0.2998587101360999
Epoch 1070 loss: 0.3027770986105235
Epoch 1080 loss: 0.3012550703700850
Epoch 1090 loss: 0.2969375600390546
Epoch 1100 loss: 0.2920620769873988
Epoch 1110 loss: 0.2924772293556714
Epoch 1120 loss: 0.2923304842661902
Epoch 1130 loss: 0.2846515699049189
Epoch 1140 loss: 0.2823395855647674
Epoch 1150 loss: 0.2774379903323814
Epoch 1160 loss: 0.2750486211673170
Epoch 1170 loss: 0.2735414775435335
Epoch 1180 loss: 0.2684349936041456
Epoch 1190 loss: 0.2705401797992931
Epoch 1200 loss: 0.2726181680620929
Epoch 1210 loss: 0.2624792093883696
Epoch 1220 loss: 0.2573130108023780
Epoch 1230 loss: 0.2557317008466510
Epoch 1240 loss: 0.2552434702647042
Epoch 1250 loss: 0.2531619445314877
Epoch 1260 loss: 0.2550891040422252
Epoch 1270 loss: 0.2513621927578603
start test:
<0> [0.12, 0.11, 0.01, 0.01, 0.06, 0.71, 0.16, 0.01, 0.03, 0.04] : [0.00, 0.00, 0.00, 0.00, 0.00, 1.00, 0.00, 0.00, 0.00, 0.00]
<1> [0.94, 0.05, 0.07, 0.09, 0.04, 0.05, 0.03, 0.03, 0.00, 0.00] : [1.00, 0.00, 0.00, 0.00, 0.00, 0.00, 0.00, 0.00, 0.00, 0.00]
<2> [0.04, 0.00, 0.19, 0.04, 0.98, 0.09, 0.01, 0.07, 0.00, 0.01] : [0.00, 0.00, 0.00, 0.00, 1.00, 0.00, 0.00, 0.00, 0.00, 0.00]
<3> [0.01, 0.88, 0.01, 0.02, 0.01, 0.01, 0.01, 0.09, 0.04, 0.03] : [0.00, 1.00, 0.00, 0.00, 0.00, 0.00, 0.00, 0.00, 0.00, 0.00]
<4> [0.00, 0.05, 0.11, 0.01, 0.10, 0.03, 0.03, 0.02, 0.02, 0.79] : [0.00, 0.00, 0.00, 0.00, 0.00, 0.00, 0.00, 0.00, 0.00, 1.00]
<5> [0.02, 0.01, 0.80, 0.01, 0.01, 0.01, 0.21, 0.00, 0.06, 0.14] : [0.00, 0.00, 1.00, 0.00, 0.00, 0.00, 0.00, 0.00, 0.00, 0.00]
<6> [0.00, 0.87, 0.07, 0.08, 0.04, 0.05, 0.03, 0.02, 0.01, 0.04] : [0.00, 1.00, 0.00, 0.00, 0.00, 0.00, 0.00, 0.00, 0.00, 0.00]
<7> [0.02, 0.01, 0.07, 0.05, 0.04, 0.11, 0.04, 0.00, 0.08, 0.08] : [0.00, 0.00, 0.00, 1.00, 0.00, 0.00, 0.00, 0.00, 0.00, 0.00]
<8> [0.03, 0.93, 0.05, 0.10, 0.02, 0.01, 0.02, 0.01, 0.01, 0.15] : [0.00, 1.00, 0.00, 0.00, 0.00, 0.00, 0.00, 0.00, 0.00, 0.00]
<9> [0.01, 0.07, 0.03, 0.16, 0.64, 0.00, 0.01, 0.02, 0.00, 0.02] : [0.00, 0.00, 0.00, 0.00, 1.00, 0.00, 0.00, 0.00, 0.00, 0.00]
<10> [0.04, 0.10, 0.04, 0.82, 0.23, 0.06, 0.00, 0.02, 0.00, 0.00] : [0.00, 0.00, 0.00, 1.00, 0.00, 0.00, 0.00, 0.00, 0.00, 0.00]
<11> [0.01, 0.04, 0.03, 0.09, 0.03, 0.00, 0.05, 0.05, 0.01, 0.02] : [0.00, 0.00, 0.00, 0.00, 0.00, 1.00, 0.00, 0.00, 0.00, 0.00]
<12> [0.02, 0.05, 0.00, 0.29, 0.23, 0.05, 0.01, 0.02, 0.00, 0.01] : [0.00, 0.00, 0.00, 1.00, 0.00, 0.00, 0.00, 0.00, 0.00, 0.00]
<13> [0.06, 0.01, 0.09, 0.02, 0.01, 0.02, 0.92, 0.04, 0.01, 0.06] : [0.00, 0.00, 0.00, 0.00, 0.00, 0.00, 1.00, 0.00, 0.00, 0.00]
<14> [0.01, 0.90, 0.10, 0.03, 0.04, 0.00, 0.01, 0.00, 0.01, 0.08] : [0.00, 1.00, 0.00, 0.00, 0.00, 0.00, 0.00, 0.00, 0.00, 0.00]
<15> [0.04, 0.02, 0.01, 0.06, 0.15, 0.00, 0.01, 0.91, 0.04, 0.08] : [0.00, 0.00, 0.00, 0.00, 0.00, 0.00, 0.00, 1.00, 0.00, 0.00]
<16> [0.05, 0.02, 0.93, 0.00, 0.07, 0.01, 0.02, 0.01, 0.02, 0.02] : [0.00, 0.00, 1.00, 0.00, 0.00, 0.00, 0.00, 0.00, 0.00, 0.00]
<17> [0.03, 0.02, 0.00, 0.03, 0.00, 0.07, 0.05, 0.03, 0.72, 0.08] : [0.00, 0.00, 0.00, 0.00, 0.00, 0.00, 0.00, 0.00, 1.00, 0.00]
<18> [0.01, 0.10, 0.01, 0.05, 0.15, 0.08, 0.06, 0.04, 0.00, 0.10] : [0.00, 0.00, 0.00, 0.00, 0.00, 0.00, 1.00, 0.00, 0.00, 0.00]
<19> [0.02, 0.07, 0.08, 0.01, 0.09, 0.11, 0.05, 0.00, 0.03, 0.87] : [0.00, 0.00, 0.00, 0.00, 0.00, 0.00, 0.00, 0.00, 0.00, 1.00]
<20> [0.00, 0.08, 0.34, 0.02, 0.87, 0.00, 0.00, 0.11, 0.01, 0.01] : [0.00, 0.00, 0.00, 0.00, 1.00, 0.00, 0.00, 0.00, 0.00, 0.00]
<21> [0.90, 0.01, 0.06, 0.00, 0.02, 0.03, 0.03, 0.05, 0.01, 0.02] : [1.00, 0.00, 0.00, 0.00, 0.00, 0.00, 0.00, 0.00, 0.00, 0.00]
<22> [0.03, 0.15, 0.04, 0.03, 0.06, 0.00, 0.18, 0.00, 0.08, 0.88] : [0.00, 0.00, 0.00, 0.00, 0.00, 0.00, 0.00, 0.00, 0.00, 1.00]
<23> [0.01, 0.94, 0.03, 0.03, 0.00, 0.01, 0.02, 0.02, 0.04, 0.07] : [0.00, 1.00, 0.00, 0.00, 0.00, 0.00, 0.00, 0.00, 0.00, 0.00]
<24> [0.02, 0.89, 0.10, 0.01, 0.00, 0.00, 0.06, 0.08, 0.03, 0.06] : [0.00, 1.00, 0.00, 0.00, 0.00, 0.00, 0.00, 0.00, 0.00, 0.00]
<25> [0.04, 0.02, 0.23, 0.00, 0.10, 0.02, 0.17, 0.00, 0.01, 0.06] : [0.00, 0.00, 1.00, 0.00, 0.00, 0.00, 0.00, 0.00, 0.00, 0.00]
<26> [0.06, 0.21, 0.09, 0.09, 0.00, 0.00, 0.06, 0.01, 0.01, 0.03] : [0.00, 0.00, 0.00, 0.00, 1.00, 0.00, 0.00, 0.00, 0.00, 0.00]
<27> [0.03, 0.01, 0.11, 0.01, 0.03, 0.02, 0.06, 0.04, 0.03, 0.01] : [0.00, 0.00, 0.00, 1.00, 0.00, 0.00, 0.00, 0.00, 0.00, 0.00]
<28> [0.04, 0.19, 0.01, 0.08, 0.12, 0.14, 0.00, 0.01, 0.03, 0.10] : [0.00, 0.00, 1.00, 0.00, 0.00, 0.00, 0.00, 0.00, 0.00, 0.00]
<29> [0.01, 0.18, 0.05, 0.01, 0.09, 0.00, 0.00, 0.80, 0.01, 0.01] : [0.00, 0.00, 0.00, 0.00, 0.00, 0.00, 0.00, 1.00, 0.00, 0.00]
<30> [0.02, 0.10, 0.02, 0.72, 0.09, 0.01, 0.02, 0.06, 0.01, 0.02] : [0.00, 0.00, 0.00, 1.00, 0.00, 0.00, 0.00, 0.00, 0.00, 0.00]
<31> [0.01, 0.18, 0.00, 0.03, 0.01, 0.01, 0.07, 0.02, 0.76, 0.06] : [0.00, 0.00, 0.00, 0.00, 0.00, 0.00, 0.00, 0.00, 1.00, 0.00]
<32> [0.02, 0.03, 0.01, 0.10, 0.15, 0.15, 0.17, 0.02, 0.02, 0.04] : [0.00, 0.00, 0.00, 0.00, 0.00, 0.00, 1.00, 0.00, 0.00, 0.00]
<33> [0.01, 0.03, 0.02, 0.02, 0.04, 0.01, 0.10, 0.03, 0.01, 0.72] : [0.00, 0.00, 0.00, 0.00, 0.00, 0.00, 0.00, 0.00, 0.00, 1.00]
<34> [0.85, 0.05, 0.05, 0.01, 0.08, 0.00, 0.05, 0.03, 0.01, 0.02] : [1.00, 0.00, 0.00, 0.00, 0.00, 0.00, 0.00, 0.00, 0.00, 0.00]
<35> [0.01, 0.02, 0.16, 0.06, 0.01, 0.01, 0.07, 0.04, 0.05, 0.01] : [0.00, 0.00, 0.00, 0.00, 0.00, 1.00, 0.00, 0.00, 0.00, 0.00]
<36> [0.08, 0.01, 0.09, 0.05, 0.08, 0.12, 0.88, 0.01, 0.00, 0.01] : [0.00, 0.00, 0.00, 0.00, 0.00, 0.00, 1.00, 0.00, 0.00, 0.00]
<37> [0.71, 0.00, 0.03, 0.00, 0.01, 0.01, 0.18, 0.04, 0.06, 0.07] : [1.00, 0.00, 0.00, 0.00, 0.00, 0.00, 0.00, 0.00, 0.00, 0.00]
<38> [0.01, 0.00, 0.08, 0.01, 0.16, 0.02, 0.03, 0.76, 0.01, 0.00] : [0.00, 0.00, 0.00, 0.00, 0.00, 0.00, 0.00, 1.00, 0.00, 0.00]
<39> [0.03, 0.10, 0.08, 0.04, 0.05, 0.06, 0.94, 0.00, 0.01, 0.08] : [0.00, 0.00, 0.00, 0.00, 0.00, 0.00, 1.00, 0.00, 0.00, 0.00]
<40> [0.01, 0.91, 0.13, 0.04, 0.01, 0.01, 0.13, 0.00, 0.00, 0.05] : [0.00, 1.00, 0.00, 0.00, 0.00, 0.00, 0.00, 0.00, 0.00, 0.00]
<41> [0.01, 0.08, 0.01, 0.11, 0.01, 0.11, 0.12, 0.00, 0.17, 0.03] : [0.00, 0.00, 0.00, 0.00, 0.00, 0.00, 0.00, 0.00, 1.00, 0.00]
<42> [0.08, 0.11, 0.02, 0.02, 0.08, 0.00, 0.01, 0.93, 0.00, 0.04] : [0.00, 0.00, 0.00, 0.00, 0.00, 0.00, 0.00, 1.00, 0.00, 0.00]
<43> [0.04, 0.04, 0.01, 0.02, 0.00, 0.01, 0.05, 0.01, 0.09, 0.83] : [0.00, 0.00, 0.00, 0.00, 0.00, 0.00, 0.00, 0.00, 0.00, 1.00]
<44> [0.07, 0.00, 0.08, 0.87, 0.08, 0.04, 0.02, 0.00, 0.01, 0.01] : [0.00, 0.00, 0.00, 1.00, 0.00, 0.00, 0.00, 0.00, 0.00, 0.00]
<45> [0.03, 0.19, 0.00, 0.06, 0.00, 0.07, 0.16, 0.01, 0.10, 0.60] : [0.00, 0.00, 0.00, 0.00, 0.00, 0.00, 0.00, 0.00, 0.00, 1.00]
<46> [0.01, 0.04, 0.01, 0.03, 0.05, 0.01, 0.03, 0.02, 0.78, 0.17] : [0.00, 0.00, 0.00, 0.00, 0.00, 0.00, 0.00, 0.00, 1.00, 0.00]
<47> [0.07, 0.04, 0.07, 0.03, 0.13, 0.01, 0.01, 0.03, 0.00, 0.04] : [0.00, 0.00, 0.00, 0.00, 0.00, 1.00, 0.00, 0.00, 0.00, 0.00]
<48> [0.07, 0.09, 0.10, 0.04, 0.08, 0.02, 0.11, 0.00, 0.01, 0.83] : [0.00, 0.00, 0.00, 0.00, 0.00, 0.00, 0.00, 0.00, 0.00, 1.00]
<49> [0.10, 0.03, 0.01, 0.00, 0.05, 0.01, 0.07, 0.06, 0.04, 0.02] : [0.00, 0.00, 0.00, 1.00, 0.00, 0.00, 0.00, 0.00, 0.00, 0.00]
<50> [0.03, 0.05, 0.01, 0.83, 0.01, 0.05, 0.01, 0.02, 0.00, 0.01] : [0.00, 0.00, 0.00, 1.00, 0.00, 0.00, 0.00, 0.00, 0.00, 0.00]
<51> [0.99, 0.07, 0.02, 0.01, 0.01, 0.01, 0.01, 0.13, 0.00, 0.05] : [1.00, 0.00, 0.00, 0.00, 0.00, 0.00, 0.00, 0.00, 0.00, 0.00]
<52> [0.01, 0.02, 0.02, 0.05, 0.14, 0.00, 0.02, 0.84, 0.01, 0.01] : [0.00, 0.00, 0.00, 0.00, 0.00, 0.00, 0.00, 1.00, 0.00, 0.00]
<53> [0.01, 0.13, 0.09, 0.17, 0.73, 0.00, 0.09, 0.02, 0.01, 0.03] : [0.00, 0.00, 0.00, 0.00, 1.00, 0.00, 0.00, 0.00, 0.00, 0.00]
<54> [0.01, 0.01, 0.22, 0.03, 0.09, 0.05, 0.06, 0.01, 0.01, 0.85] : [0.00, 0.00, 0.00, 0.00, 0.00, 0.00, 0.00, 0.00, 0.00, 1.00]
<55> [0.01, 0.05, 0.04, 0.06, 0.03, 0.02, 0.07, 0.02, 0.54, 0.04] : [0.00, 0.00, 0.00, 0.00, 0.00, 0.00, 0.00, 0.00, 1.00, 0.00]
<56> [0.84, 0.00, 0.07, 0.02, 0.07, 0.02, 0.08, 0.05, 0.00, 0.13] : [1.00, 0.00, 0.00, 0.00, 0.00, 0.00, 0.00, 0.00, 0.00, 0.00]
<57> [0.01, 0.02, 0.01, 0.09, 0.04, 0.01, 0.03, 0.04, 0.06, 0.92] : [0.00, 0.00, 0.00, 0.00, 0.00, 0.00, 0.00, 0.00, 0.00, 1.00]
<58> [0.04, 0.00, 0.14, 0.04, 0.87, 0.03, 0.00, 0.04, 0.00, 0.00] : [0.00, 0.00, 0.00, 0.00, 1.00, 0.00, 0.00, 0.00, 0.00, 0.00]
<59> [0.10, 0.92, 0.03, 0.01, 0.01, 0.02, 0.08, 0.00, 0.06, 0.05] : [0.00, 1.00, 0.00, 0.00, 0.00, 0.00, 0.00, 0.00, 0.00, 0.00]
<60> [0.03, 0.00, 0.07, 0.02, 0.31, 0.05, 0.01, 0.12, 0.03, 0.01] : [0.00, 0.00, 0.00, 0.00, 1.00, 0.00, 0.00, 0.00, 0.00, 0.00]
<61> [0.03, 0.12, 0.02, 0.11, 0.10, 0.01, 0.06, 0.04, 0.05, 0.11] : [0.00, 0.00, 0.00, 0.00, 1.00, 0.00, 0.00, 0.00, 0.00, 0.00]
<62> [0.14, 0.02, 0.02, 0.00, 0.11, 0.01, 0.86, 0.02, 0.12, 0.12] : [0.00, 0.00, 0.00, 0.00, 0.00, 0.00, 1.00, 0.00, 0.00, 0.00]
<63> [0.75, 0.05, 0.05, 0.09, 0.00, 0.05, 0.10, 0.03, 0.02, 0.13] : [1.00, 0.00, 0.00, 0.00, 0.00, 0.00, 0.00, 0.00, 0.00, 0.00]
<64> [0.01, 0.01, 0.17, 0.03, 0.87, 0.01, 0.01, 0.08, 0.00, 0.02] : [0.00, 0.00, 0.00, 0.00, 1.00, 0.00, 0.00, 0.00, 0.00, 0.00]
<65> [0.10, 0.02, 0.04, 0.01, 0.04, 0.00, 0.10, 0.00, 0.03, 0.06] : [0.00, 0.00, 0.00, 0.00, 0.00, 1.00, 0.00, 0.00, 0.00, 0.00]
<66> [0.08, 0.05, 0.21, 0.01, 0.01, 0.01, 0.87, 0.00, 0.01, 0.03] : [0.00, 0.00, 0.00, 0.00, 0.00, 0.00, 1.00, 0.00, 0.00, 0.00]
<67> [0.01, 0.98, 0.03, 0.02, 0.02, 0.00, 0.01, 0.01, 0.02, 0.08] : [0.00, 1.00, 0.00, 0.00, 0.00, 0.00, 0.00, 0.00, 0.00, 0.00]
<68> [0.89, 0.02, 0.06, 0.01, 0.01, 0.02, 0.06, 0.00, 0.01, 0.03] : [1.00, 0.00, 0.00, 0.00, 0.00, 0.00, 0.00, 0.00, 0.00, 0.00]
<69> [0.82, 0.00, 0.01, 0.01, 0.02, 0.15, 0.18, 0.00, 0.06, 0.02] : [1.00, 0.00, 0.00, 0.00, 0.00, 0.00, 0.00, 0.00, 0.00, 0.00]
<70> [0.01, 0.96, 0.11, 0.03, 0.02, 0.04, 0.02, 0.01, 0.00, 0.03] : [0.00, 1.00, 0.00, 0.00, 0.00, 0.00, 0.00, 0.00, 0.00, 0.00]
<71> [0.09, 0.16, 0.01, 0.03, 0.03, 0.00, 0.01, 0.14, 0.02, 0.02] : [0.00, 0.00, 0.00, 0.00, 0.00, 0.00, 0.00, 1.00, 0.00, 0.00]
<72> [0.00, 0.92, 0.12, 0.06, 0.05, 0.02, 0.01, 0.01, 0.00, 0.10] : [0.00, 1.00, 0.00, 0.00, 0.00, 0.00, 0.00, 0.00, 0.00, 0.00]
<73> [0.01, 0.02, 0.02, 0.00, 0.03, 0.02, 0.96, 0.02, 0.02, 0.02] : [0.00, 0.00, 0.00, 0.00, 0.00, 0.00, 1.00, 0.00, 0.00, 0.00]
<74> [0.03, 0.07, 0.00, 0.88, 0.07, 0.06, 0.02, 0.00, 0.06, 0.08] : [0.00, 0.00, 0.00, 1.00, 0.00, 0.00, 0.00, 0.00, 0.00, 0.00]
<75> [0.95, 0.01, 0.02, 0.13, 0.07, 0.01, 0.07, 0.04, 0.00, 0.01] : [1.00, 0.00, 0.00, 0.00, 0.00, 0.00, 0.00, 0.00, 0.00, 0.00]
<76> [0.01, 0.16, 0.05, 0.02, 0.14, 0.09, 0.08, 0.00, 0.03, 0.03] : [0.00, 0.00, 1.00, 0.00, 0.00, 0.00, 0.00, 0.00, 0.00, 0.00]
<77> [0.02, 0.90, 0.02, 0.02, 0.03, 0.00, 0.01, 0.01, 0.08, 0.05] : [0.00, 1.00, 0.00, 0.00, 0.00, 0.00, 0.00, 0.00, 0.00, 0.00]
<78> [0.02, 0.78, 0.01, 0.05, 0.03, 0.04, 0.02, 0.02, 0.01, 0.04] : [0.00, 1.00, 0.00, 0.00, 0.00, 0.00, 0.00, 0.00, 0.00, 0.00]
<79> [0.09, 0.08, 0.02, 0.02, 0.08, 0.00, 0.02, 0.90, 0.02, 0.03] : [0.00, 0.00, 0.00, 0.00, 0.00, 0.00, 0.00, 1.00, 0.00, 0.00]
<80> [0.05, 0.04, 0.01, 0.02, 0.05, 0.07, 0.15, 0.01, 0.03, 0.87] : [0.00, 0.00, 0.00, 0.00, 0.00, 0.00, 0.00, 0.00, 0.00, 1.00]
<81> [0.88, 0.00, 0.02, 0.11, 0.09, 0.22, 0.06, 0.03, 0.00, 0.04] : [1.00, 0.00, 0.00, 0.00, 0.00, 0.00, 0.00, 0.00, 0.00, 0.00]
<82> [0.03, 0.00, 0.13, 0.05, 0.15, 0.12, 0.03, 0.00, 0.00, 0.01] : [0.00, 0.00, 1.00, 0.00, 0.00, 0.00, 0.00, 0.00, 0.00, 0.00]
<83> [0.04, 0.12, 0.06, 0.00, 0.01, 0.01, 0.97, 0.00, 0.00, 0.15] : [0.00, 0.00, 0.00, 0.00, 0.00, 0.00, 1.00, 0.00, 0.00, 0.00]
<84> [0.05, 0.00, 0.06, 0.08, 0.18, 0.11, 0.06, 0.01, 0.06, 0.11] : [0.00, 0.00, 0.00, 0.00, 0.00, 0.00, 0.00, 1.00, 0.00, 0.00]
<85> [0.00, 0.06, 0.01, 0.04, 0.06, 0.00, 0.02, 0.05, 0.66, 0.03] : [0.00, 0.00, 0.00, 0.00, 0.00, 0.00, 0.00, 0.00, 1.00, 0.00]
<86> [0.00, 0.07, 0.00, 0.80, 0.14, 0.01, 0.01, 0.01, 0.04, 0.07] : [0.00, 0.00, 0.00, 1.00, 0.00, 0.00, 0.00, 0.00, 0.00, 0.00]
<87> [0.00, 0.04, 0.01, 0.09, 0.04, 0.01, 0.03, 0.02, 0.09, 0.87] : [0.00, 0.00, 0.00, 0.00, 0.00, 0.00, 0.00, 0.00, 0.00, 1.00]
<88> [0.94, 0.00, 0.04, 0.03, 0.02, 0.01, 0.03, 0.02, 0.01, 0.11] : [1.00, 0.00, 0.00, 0.00, 0.00, 0.00, 0.00, 0.00, 0.00, 0.00]
<89> [0.05, 0.05, 0.10, 0.01, 0.02, 0.03, 0.01, 0.06, 0.00, 0.03] : [0.00, 0.00, 0.00, 0.00, 1.00, 0.00, 0.00, 0.00, 0.00, 0.00]
<90> [0.03, 0.07, 0.05, 0.01, 0.00, 0.02, 0.89, 0.01, 0.01, 0.05] : [0.00, 0.00, 0.00, 0.00, 0.00, 0.00, 1.00, 0.00, 0.00, 0.00]
<91> [0.03, 0.07, 0.00, 0.08, 0.07, 0.00, 0.00, 0.89, 0.04, 0.05] : [0.00, 0.00, 0.00, 0.00, 0.00, 0.00, 0.00, 1.00, 0.00, 0.00]
<92> [0.01, 0.07, 0.10, 0.00, 0.01, 0.00, 0.08, 0.08, 0.02, 0.15] : [0.00, 0.00, 0.00, 0.00, 1.00, 0.00, 0.00, 0.00, 0.00, 0.00]
<93> [0.01, 0.12, 0.06, 0.03, 0.01, 0.02, 0.87, 0.00, 0.01, 0.01] : [0.00, 0.00, 0.00, 0.00, 0.00, 0.00, 1.00, 0.00, 0.00, 0.00]
<94> [0.00, 0.03, 0.00, 0.06, 0.01, 0.04, 0.13, 0.02, 0.78, 0.09] : [0.00, 0.00, 0.00, 0.00, 0.00, 0.00, 0.00, 0.00, 1.00, 0.00]
<95> [0.95, 0.01, 0.02, 0.02, 0.01, 0.08, 0.08, 0.01, 0.04, 0.05] : [1.00, 0.00, 0.00, 0.00, 0.00, 0.00, 0.00, 0.00, 0.00, 0.00]
<96> [0.05, 0.02, 0.03, 0.05, 0.13, 0.00, 0.06, 0.86, 0.00, 0.01] : [0.00, 0.00, 0.00, 0.00, 0.00, 0.00, 0.00, 1.00, 0.00, 0.00]
<97> [0.02, 0.05, 0.03, 0.04, 0.01, 0.04, 0.10, 0.00, 0.67, 0.05] : [0.00, 0.00, 0.00, 0.00, 0.00, 0.00, 0.00, 0.00, 1.00, 0.00]
<98> [0.01, 0.02, 0.01, 0.46, 0.05, 0.07, 0.05, 0.03, 0.00, 0.00] : [0.00, 0.00, 0.00, 1.00, 0.00, 0.00, 0.00, 0.00, 0.00, 0.00]
<99> [0.01, 0.92, 0.02, 0.01, 0.00, 0.01, 0.01, 0.00, 0.05, 0.08] : [0.00, 1.00, 0.00, 0.00, 0.00, 0.00, 0.00, 0.00, 0.00, 0.00]